37     16     97     63     21  

   11     32     4     10     49  

   72     41     89     74     13  

   78     64     66     47     25  

   15     23     50     84     2  

   8     42     40     43     39  

   6     60     91     76     29  

   73     99     51     93     34  

   7     54     9     1     80  

   75     59     65     56     28  

   82     81     36     96     92  

   30     79     35     31     24  

   27     62     46     100     87  

   83     67     17     94     45  

   18     68     90     53     48  

   3     86     19     71     22  

   14     88     57     70     61  

   77     12     20     26     98  

   5     33     95     69     44  

   52     85     55     38     58  
